C = [0 1 0 0 0 0 0 0; 
     1 0 0 0 0 0 0 0;
     1 1 1 1 0 0 0 0; 
     0 0 0 0 1 0 0 0;
     0 0 0 0 1 1 1 1;
     0 0 0 0 0 1 2 3;
     0 1 2 3 0 -1 0 0;
     0 0 2 6 0 0 -2 0;
    ]

% augmented

CA = [0 1 0 0 0 0 0 0 0; 
     1 0 0 0 0 0 0 0 1;
     1 1 1 1 0 0 0 0 2; 
     0 0 0 0 1 0 0 0 3;
     0 0 0 0 1 1 1 1 9;
     0 0 0 0 0 1 2 3 12;
     0 1 2 3 0 -1 0 0 0;
     0 0 2 6 0 0 -2 0 0;
    ]
